8 0.422767 0.508400 0.032943 0.012000
7 0.862006 0.258200 0.030015 0.015600
7 0.707540 0.258400 0.028551 0.015200
7 0.553807 0.258200 0.030015 0.015600
7 0.673499 0.256000 0.036603 0.020000
7 0.827233 0.255800 0.036603 0.019600
5 0.223646 0.506000 0.060761 0.016800
7 0.519400 0.255800 0.035871 0.019600
7 0.400439 0.258200 0.027818 0.016400
7 0.625549 0.263600 0.032943 0.021600
1 0.786237 0.083000 0.033675 0.018800
7 0.364934 0.255800 0.035871 0.019600
0 0.137994 0.501600 0.043192 0.027200
0 0.143485 0.514200 0.087848 0.050800
7 0.471449 0.263600 0.033675 0.021600
0 0.453148 0.109400 0.114202 0.087600
7 0.023792 0.103600 0.030015 0.016000
7 0.964129 0.292800 0.071742 0.032000
7 0.317716 0.263800 0.032211 0.022000
7 0.021596 0.012800 0.027086 0.017600
7 0.778551 0.263800 0.034407 0.022000
