6 0.176061 0.583600 0.066618 0.016800
8 0.470351 0.501000 0.032943 0.010800
9 0.178258 0.379600 0.047584 0.028000
6 0.701684 0.495200 0.072474 0.016800
8 0.204612 0.695600 0.034407 0.011200
8 0.205710 0.501200 0.032211 0.011200
9 0.176428 0.670200 0.035139 0.019600
0 0.172401 0.274800 0.046120 0.026400
0 0.703514 0.173800 0.045388 0.030000
8 0.734261 0.307200 0.035139 0.012000
6 0.570278 0.782000 0.083455 0.021600
0 0.702050 0.186800 0.096633 0.056800
8 0.206076 0.403800 0.032943 0.011600
8 0.206808 0.209600 0.031479 0.011200
