6 0.154466 0.505000 0.102489 0.027600
6 0.671669 0.420600 0.090044 0.024400
5 0.323572 0.555800 0.077599 0.018800
1 0.790996 0.075600 0.047584 0.025600
4 0.885066 0.109200 0.166911 0.043200
8 0.526720 0.556400 0.054905 0.016000
6 0.284407 0.429000 0.072474 0.019600
5 0.256589 0.304600 0.068082 0.018000
1 0.311127 0.118200 0.024890 0.014000
1 0.301245 0.077800 0.037335 0.024400
1 0.343704 0.098600 0.041728 0.022000
0 0.110908 0.629200 0.016837 0.009600
0 0.658858 0.480200 0.046852 0.026800
1 0.742313 0.097600 0.043924 0.017600
1 0.095534 0.123400 0.051977 0.026000
0 0.422035 0.586400 0.035871 0.019200
